{
  "accessors": [
    {
      "bufferView": 2,
      "componentType": 5126,
      "count": 118,
      "max": [
        13.252006530761719,
        12.808801651000977,
        13.69190788269043
      ],
      "min": [
        -13.305866241455078,
        -13.689451217651367,
        -13.69190788269043
      ],
      "type": "VEC3"
    },
    {
      "bufferView": 2,
      "byteOffset": 1416,
      "componentType": 5126,
      "count": 118,
      "max": [
        0.9713026285171509,
        0.9691221714019775,
        1.0
      ],
      "min": [
        -0.9713026881217957,
        -0.9691222310066223,
        -1.0
      ],
      "type": "VEC3"
    },
    {
      "bufferView": 1,
      "componentType": 5126,
      "count": 118,
      "max": [
        1.0000001192092896,
        1.0
      ],
      "min": [
        0.0,
        0.0
      ],
      "type": "VEC2"
    },
    {
      "bufferView": 0,
      "componentType": 5125,
      "count": 504,
      "type": "SCALAR"
    },
    {
      "bufferView": 2,
      "byteOffset": 2832,
      "componentType": 5126,
      "count": 250,
      "max": [
        2.3865408897399902,
        3.457796096801758,
        1.504166841506958
      ],
      "min": [
        -2.8473618030548096,
        -4.600909233093262,
        -3.896038055419922
      ],
      "type": "VEC3"
    },
    {
      "bufferView": 2,
      "byteOffset": 5832,
      "componentType": 5126,
      "count": 250,
      "max": [
        0.9888870716094971,
        0.9299136996269226,
        0.9235460758209229
      ],
      "min": [
        -0.9888871312141418,
        -0.9303159713745117,
        -0.9235461354255676
      ],
      "type": "VEC3"
    },
    {
      "bufferView": 1,
      "byteOffset": 944,
      "componentType": 5126,
      "count": 250,
      "max": [
        1.0,
        1.0
      ],
      "min": [
        -5.960464477539063e-08,
        0.0
      ],
      "type": "VEC2"
    },
    {
      "bufferView": 0,
      "byteOffset": 2016,
      "componentType": 5125,
      "count": 576,
      "type": "SCALAR"
    },
    {
      "bufferView": 2,
      "byteOffset": 8832,
      "componentType": 5126,
      "count": 32,
      "max": [
        4.141022682189941,
        3.232919216156006,
        1.101575493812561
      ],
      "min": [
        -4.375271797180176,
        -3.4523468017578125,
        -2.858814239501953
      ],
      "type": "VEC3"
    },
    {
      "bufferView": 2,
      "byteOffset": 9216,
      "componentType": 5126,
      "count": 32,
      "max": [
        0.7561706900596619,
        0.7371388077735901,
        0.8398327231407166
      ],
      "min": [
        -0.9715704321861267,
        -0.7385245561599731,
        -0.8398327827453613
      ],
      "type": "VEC3"
    },
    {
      "bufferView": 1,
      "byteOffset": 2944,
      "componentType": 5126,
      "count": 32,
      "max": [
        1.0,
        1.0
      ],
      "min": [
        0.0,
        0.0
      ],
      "type": "VEC2"
    },
    {
      "bufferView": 0,
      "byteOffset": 4320,
      "componentType": 5125,
      "count": 60,
      "type": "SCALAR"
    },
    {
      "bufferView": 2,
      "byteOffset": 9600,
      "componentType": 5126,
      "count": 286,
      "max": [
        30.851802825927734,
        26.391969680786133,
        23.146211624145508
      ],
      "min": [
        -29.364866256713867,
        -29.106658935546875,
        -23.832944869995117
      ],
      "type": "VEC3"
    },
    {
      "bufferView": 2,
      "byteOffset": 13032,
      "componentType": 5126,
      "count": 286,
      "max": [
        0.6743737459182739,
        0.9861445426940918,
        0.9950845241546631
      ],
      "min": [
        -0.9913098812103271,
        -0.6997394561767578,
        -0.8145076632499695
      ],
      "type": "VEC3"
    },
    {
      "bufferView": 1,
      "byteOffset": 3200,
      "componentType": 5126,
      "count": 286,
      "max": [
        0.949999988079071,
        0.9999999403953552
      ],
      "min": [
        -0.050000011920928955,
        0.0
      ],
      "type": "VEC2"
    },
    {
      "bufferView": 0,
      "byteOffset": 4560,
      "componentType": 5125,
      "count": 396,
      "type": "SCALAR"
    },
    {
      "bufferView": 2,
      "byteOffset": 16464,
      "componentType": 5126,
      "count": 32,
      "max": [
        4.207212448120117,
        1.7299842834472656,
        1.525322437286377
      ],
      "min": [
        -4.44317626953125,
        -2.399167776107788,
        -3.277618885040283
      ],
      "type": "VEC3"
    },
    {
      "bufferView": 2,
      "byteOffset": 16848,
      "componentType": 5126,
      "count": 32,
      "max": [
        0.9233568906784058,
        0.8007915019989014,
        0.7804064750671387
      ],
      "min": [
        -0.9653836488723755,
        -0.8009247183799744,
        -0.7804064750671387
      ],
      "type": "VEC3"
    },
    {
      "bufferView": 1,
      "byteOffset": 5488,
      "componentType": 5126,
      "count": 32,
      "max": [
        1.0,
        1.0
      ],
      "min": [
        0.0,
        0.0
      ],
      "type": "VEC2"
    },
    {
      "bufferView": 0,
      "byteOffset": 6144,
      "componentType": 5125,
      "count": 60,
      "type": "SCALAR"
    },
    {
      "bufferView": 2,
      "byteOffset": 17232,
      "componentType": 5126,
      "count": 198,
      "max": [
        -7.07958984375,
        -25.02927017211914,
        19.291349411010742
      ],
      "min": [
        -30.339115142822266,
        -35.29191970825195,
        2.7408833503723145
      ],
      "type": "VEC3"
    },
    {
      "bufferView": 2,
      "byteOffset": 19608,
      "componentType": 5126,
      "count": 198,
      "max": [
        0.7074335217475891,
        0.9953144788742065,
        0.9965705275535583
      ],
      "min": [
        -0.9999733567237854,
        -0.9955236315727234,
        -0.856828510761261
      ],
      "type": "VEC3"
    },
    {
      "bufferView": 1,
      "byteOffset": 5744,
      "componentType": 5126,
      "count": 198,
      "max": [
        1.0075925588607788,
        1.0
      ],
      "min": [
        -0.007595866918563843,
        0.0
      ],
      "type": "VEC2"
    },
    {
      "bufferView": 0,
      "byteOffset": 6384,
      "componentType": 5125,
      "count": 852,
      "type": "SCALAR"
    },
    {
      "bufferView": 2,
      "byteOffset": 21984,
      "componentType": 5126,
      "count": 198,
      "max": [
        8.590877532958984,
        46.433074951171875,
        20.47282600402832
      ],
      "min": [
        -8.350799560546875,
        24.808975219726563,
        4.604318618774414
      ],
      "type": "VEC3"
    },
    {
      "bufferView": 2,
      "byteOffset": 24360,
      "componentType": 5126,
      "count": 198,
      "max": [
        0.9866699576377869,
        0.911392092704773,
        0.8631576895713806
      ],
      "min": [
        -0.9380528330802917,
        -0.826134204864502,
        -0.9977999329566956
      ],
      "type": "VEC3"
    },
    {
      "bufferView": 1,
      "byteOffset": 7328,
      "componentType": 5126,
      "count": 198,
      "max": [
        1.0075925588607788,
        1.0
      ],
      "min": [
        -0.007595866918563843,
        0.0
      ],
      "type": "VEC2"
    },
    {
      "bufferView": 0,
      "byteOffset": 9792,
      "componentType": 5125,
      "count": 852,
      "type": "SCALAR"
    },
    {
      "bufferView": 2,
      "byteOffset": 26736,
      "componentType": 5126,
      "count": 64,
      "max": [
        4.294724941253662,
        4.355589866638184,
        4.304564952850342
      ],
      "min": [
        -4.29472541809082,
        -4.355589866638184,
        -4.304564952850342
      ],
      "type": "VEC3"
    },
    {
      "bufferView": 2,
      "byteOffset": 27504,
      "componentType": 5126,
      "count": 64,
      "max": [
        0.9843370318412781,
        0.9979583621025085,
        0.9799708127975464
      ],
      "min": [
        -0.9843372106552124,
        -0.9979583621025085,
        -0.9799708127975464
      ],
      "type": "VEC3"
    },
    {
      "bufferView": 1,
      "byteOffset": 8912,
      "componentType": 5126,
      "count": 64,
      "max": [
        1.0000001192092896,
        1.0
      ],
      "min": [
        0.0,
        0.0
      ],
      "type": "VEC2"
    },
    {
      "bufferView": 0,
      "byteOffset": 13200,
      "componentType": 5125,
      "count": 240,
      "type": "SCALAR"
    },
    {
      "bufferView": 2,
      "byteOffset": 28272,
      "componentType": 5126,
      "count": 64,
      "max": [
        4.198657989501953,
        4.237656116485596,
        4.291706085205078
      ],
      "min": [
        -4.198657989501953,
        -4.237656116485596,
        -4.291705131530762
      ],
      "type": "VEC3"
    },
    {
      "bufferView": 2,
      "byteOffset": 29040,
      "componentType": 5126,
      "count": 64,
      "max": [
        0.9494265913963318,
        0.9754618406295776,
        0.9833937287330627
      ],
      "min": [
        -0.9494265913963318,
        -0.9754618406295776,
        -0.9833936095237732
      ],
      "type": "VEC3"
    },
    {
      "bufferView": 1,
      "byteOffset": 9424,
      "componentType": 5126,
      "count": 64,
      "max": [
        1.0000001192092896,
        1.0
      ],
      "min": [
        0.0,
        0.0
      ],
      "type": "VEC2"
    },
    {
      "bufferView": 0,
      "byteOffset": 14160,
      "componentType": 5125,
      "count": 240,
      "type": "SCALAR"
    },
    {
      "bufferView": 2,
      "byteOffset": 29808,
      "componentType": 5126,
      "count": 170,
      "max": [
        4.865081310272217,
        2.420057773590088,
        44.393836975097656
      ],
      "min": [
        -4.375434875488281,
        -9.406266212463379,
        4.3839030265808105
      ],
      "type": "VEC3"
    },
    {
      "bufferView": 2,
      "byteOffset": 31848,
      "componentType": 5126,
      "count": 170,
      "max": [
        0.999618411064148,
        0.9880579710006714,
        0.4381588399410248
      ],
      "min": [
        -0.9958889484405518,
        -0.9864591956138611,
        -1.0
      ],
      "type": "VEC3"
    },
    {
      "bufferView": 1,
      "byteOffset": 9936,
      "componentType": 5126,
      "count": 170,
      "max": [
        0.9722222089767456,
        0.8750000596046448
      ],
      "min": [
        -0.027777791023254395,
        0.0
      ],
      "type": "VEC2"
    },
    {
      "bufferView": 0,
      "byteOffset": 15120,
      "componentType": 5125,
      "count": 804,
      "type": "SCALAR"
    },
    {
      "bufferView": 2,
      "byteOffset": 33888,
      "componentType": 5126,
      "count": 22,
      "max": [
        3.391758680343628,
        5.873095512390137,
        6.181707859039307
      ],
      "min": [
        -3.5301172733306885,
        -7.017770290374756,
        -3.8194098472595215
      ],
      "type": "VEC3"
    },
    {
      "bufferView": 2,
      "byteOffset": 34152,
      "componentType": 5126,
      "count": 22,
      "max": [
        0.8373190760612488,
        0.7843592166900635,
        0.9958993792533875
      ],
      "min": [
        -0.9694839119911194,
        -0.8340076208114624,
        -0.9934409856796265
      ],
      "type": "VEC3"
    },
    {
      "bufferView": 1,
      "byteOffset": 11296,
      "componentType": 5126,
      "count": 22,
      "max": [
        0.8999999761581421,
        1.0
      ],
      "min": [
        -0.20000004768371582,
        0.0
      ],
      "type": "VEC2"
    },
    {
      "bufferView": 0,
      "byteOffset": 18336,
      "componentType": 5125,
      "count": 60,
      "type": "SCALAR"
    },
    {
      "bufferView": 2,
      "byteOffset": 34416,
      "componentType": 5126,
      "count": 59,
      "max": [
        10.246870040893555,
        19.641393661499023,
        5.751977920532227
      ],
      "min": [
        -11.161415100097656,
        -14.67001724243164,
        -8.136284828186035
      ],
      "type": "VEC3"
    },
    {
      "bufferView": 2,
      "byteOffset": 35124,
      "componentType": 5126,
      "count": 59,
      "max": [
        0.9335950016975403,
        0.9990021586418152,
        0.996412456035614
      ],
      "min": [
        -0.9602195620536804,
        -0.8706673383712769,
        -0.968616783618927
      ],
      "type": "VEC3"
    },
    {
      "bufferView": 1,
      "byteOffset": 11472,
      "componentType": 5126,
      "count": 59,
      "max": [
        0.9999999403953552,
        1.0
      ],
      "min": [
        0.0,
        0.1111111044883728
      ],
      "type": "VEC2"
    },
    {
      "bufferView": 0,
      "byteOffset": 18576,
      "componentType": 5125,
      "count": 210,
      "type": "SCALAR"
    },
    {
      "bufferView": 2,
      "byteOffset": 35832,
      "componentType": 5126,
      "count": 55,
      "max": [
        4.872272968292236,
        5.314014434814453,
        5.123010635375977
      ],
      "min": [
        -14.726584434509277,
        -4.757136821746826,
        -5.6212592124938965
      ],
      "type": "VEC3"
    },
    {
      "bufferView": 2,
      "byteOffset": 36492,
      "componentType": 5126,
      "count": 55,
      "max": [
        0.9552300572395325,
        0.9909424781799316,
        0.9989960789680481
      ],
      "min": [
        -0.9274883270263672,
        -0.9824272990226746,
        -0.9722580909729004
      ],
      "type": "VEC3"
    },
    {
      "bufferView": 1,
      "byteOffset": 11944,
      "componentType": 5126,
      "count": 55,
      "max": [
        0.9500000476837158,
        1.0
      ],
      "min": [
        -0.20000004768371582,
        0.0
      ],
      "type": "VEC2"
    },
    {
      "bufferView": 0,
      "byteOffset": 19416,
      "componentType": 5125,
      "count": 240,
      "type": "SCALAR"
    },
    {
      "bufferView": 2,
      "byteOffset": 37152,
      "componentType": 5126,
      "count": 31,
      "max": [
        19.59176254272461,
        24.577518463134766,
        43.783050537109375
      ],
      "min": [
        -19.625389099121094,
        -14.520889282226563,
        10.345388412475586
      ],
      "type": "VEC3"
    },
    {
      "bufferView": 2,
      "byteOffset": 37524,
      "componentType": 5126,
      "count": 31,
      "max": [
        0.9187344312667847,
        0.905042827129364,
        0.4217863976955414
      ],
      "min": [
        -0.9596948027610779,
        -0.9598546028137207,
        -0.9996487498283386
      ],
      "type": "VEC3"
    },
    {
      "bufferView": 1,
      "byteOffset": 12384,
      "componentType": 5126,
      "count": 31,
      "max": [
        0.8928571343421936,
        0.6666666865348816
      ],
      "min": [
        -0.1071428656578064,
        0.0
      ],
      "type": "VEC2"
    },
    {
      "bufferView": 0,
      "byteOffset": 20376,
      "componentType": 5125,
      "count": 99,
      "type": "SCALAR"
    },
    {
      "bufferView": 2,
      "byteOffset": 37896,
      "componentType": 5126,
      "count": 55,
      "max": [
        14.726584434509277,
        5.314014434814453,
        5.123010635375977
      ],
      "min": [
        -4.872272968292236,
        -4.757136821746826,
        -5.6212592124938965
      ],
      "type": "VEC3"
    },
    {
      "bufferView": 2,
      "byteOffset": 38556,
      "componentType": 5126,
      "count": 55,
      "max": [
        0.9274885058403015,
        0.9909424781799316,
        0.9989960789680481
      ],
      "min": [
        -0.9552300572395325,
        -0.9824272990226746,
        -0.9722580909729004
      ],
      "type": "VEC3"
    },
    {
      "bufferView": 1,
      "byteOffset": 12632,
      "componentType": 5126,
      "count": 55,
      "max": [
        0.9500000476837158,
        1.0
      ],
      "min": [
        -0.20000004768371582,
        0.0
      ],
      "type": "VEC2"
    },
    {
      "bufferView": 0,
      "byteOffset": 20772,
      "componentType": 5125,
      "count": 240,
      "type": "SCALAR"
    }
  ],
  "asset": {
    "extras": {
      "author": "undeadfae (https://sketchfab.com/undeadfae)",
      "license": "CC-BY-4.0 (http://creativecommons.org/licenses/by/4.0/)",
      "source": "https://sketchfab.com/3d-models/mage-1ffdf5ab5b154293b5393833bfb623af",
      "title": "Mage"
    },
    "generator": "Sketchfab-12.68.0",
    "version": "2.0"
  },
  "bufferViews": [
    {
      "buffer": 0,
      "byteLength": 21732,
      "name": "floatBufferViews",
      "target": 34963
    },
    {
      "buffer": 0,
      "byteLength": 13072,
      "byteOffset": 21732,
      "byteStride": 8,
      "name": "floatBufferViews",
      "target": 34962
    },
    {
      "buffer": 0,
      "byteLength": 39216,
      "byteOffset": 34804,
      "byteStride": 12,
      "name": "floatBufferViews",
      "target": 34962
    }
  ],
  "buffers": [
    {
      "byteLength": 74020,
      "uri": "scene.bin"
    }
  ],
  "materials": [
    {
      "doubleSided": true,
      "name": "Material_3",
      "pbrMetallicRoughness": {
        "baseColorFactor": [
          0.862745,
          0.458824,
          0.34902,
          1.0
        ],
        "metallicFactor": 0.0,
        "roughnessFactor": 0.8929713596
      }
    },
    {
      "doubleSided": true,
      "name": "Material_2",
      "pbrMetallicRoughness": {
        "baseColorFactor": [
          0.588,
          0.588,
          0.588,
          1.0
        ],
        "metallicFactor": 0.0,
        "roughnessFactor": 0.8929713596
      }
    },
    {
      "doubleSided": true,
      "name": "Material_4",
      "pbrMetallicRoughness": {
        "baseColorFactor": [
          0.0784314,
          0.184314,
          0.537255,
          1.0
        ],
        "metallicFactor": 0.0,
        "roughnessFactor": 0.8929713596
      }
    },
    {
      "doubleSided": true,
      "name": "Material_5",
      "pbrMetallicRoughness": {
        "baseColorFactor": [
          0.27451,
          0.129412,
          0.105882,
          1.0
        ],
        "metallicFactor": 0.0,
        "roughnessFactor": 0.8929713596
      }
    }
  ],
  "meshes": [
    {
      "name": "Sphere001_Material #3_0",
      "primitives": [
        {
          "attributes": {
            "NORMAL": 1,
            "POSITION": 0,
            "TEXCOORD_0": 2
          },
          "indices": 3,
          "material": 0,
          "mode": 4
        }
      ]
    },
    {
      "name": "Box001_Material #3_0",
      "primitives": [
        {
          "attributes": {
            "NORMAL": 5,
            "POSITION": 4,
            "TEXCOORD_0": 6
          },
          "indices": 7,
          "material": 0,
          "mode": 4
        }
      ]
    },
    {
      "name": "Box002_Material #2_0",
      "primitives": [
        {
          "attributes": {
            "NORMAL": 9,
            "POSITION": 8,
            "TEXCOORD_0": 10
          },
          "indices": 11,
          "material": 1,
          "mode": 4
        }
      ]
    },
    {
      "name": "Cone006_Material #4_0",
      "primitives": [
        {
          "attributes": {
            "NORMAL": 13,
            "POSITION": 12,
            "TEXCOORD_0": 14
          },
          "indices": 15,
          "material": 2,
          "mode": 4
        }
      ]
    },
    {
      "name": "Box003_Material #2_0",
      "primitives": [
        {
          "attributes": {
            "NORMAL": 17,
            "POSITION": 16,
            "TEXCOORD_0": 18
          },
          "indices": 19,
          "material": 1,
          "mode": 4
        }
      ]
    },
    {
      "name": "Cone007_Material #4_0",
      "primitives": [
        {
          "attributes": {
            "NORMAL": 21,
            "POSITION": 20,
            "TEXCOORD_0": 22
          },
          "indices": 23,
          "material": 2,
          "mode": 4
        }
      ]
    },
    {
      "name": "Cone008_Material #4_0",
      "primitives": [
        {
          "attributes": {
            "NORMAL": 25,
            "POSITION": 24,
            "TEXCOORD_0": 26
          },
          "indices": 27,
          "material": 2,
          "mode": 4
        }
      ]
    },
    {
      "name": "Sphere002_Material #3_0",
      "primitives": [
        {
          "attributes": {
            "NORMAL": 29,
            "POSITION": 28,
            "TEXCOORD_0": 30
          },
          "indices": 31,
          "material": 0,
          "mode": 4
        }
      ]
    },
    {
      "name": "Sphere003_Material #3_0",
      "primitives": [
        {
          "attributes": {
            "NORMAL": 33,
            "POSITION": 32,
            "TEXCOORD_0": 34
          },
          "indices": 35,
          "material": 0,
          "mode": 4
        }
      ]
    },
    {
      "name": "Cylinder002_Material #5_0",
      "primitives": [
        {
          "attributes": {
            "NORMAL": 37,
            "POSITION": 36,
            "TEXCOORD_0": 38
          },
          "indices": 39,
          "material": 3,
          "mode": 4
        }
      ]
    },
    {
      "name": "GeoSphere001_Material #5_0",
      "primitives": [
        {
          "attributes": {
            "NORMAL": 41,
            "POSITION": 40,
            "TEXCOORD_0": 42
          },
          "indices": 43,
          "material": 3,
          "mode": 4
        }
      ]
    },
    {
      "name": "Sphere004_Material #2_0",
      "primitives": [
        {
          "attributes": {
            "NORMAL": 45,
            "POSITION": 44,
            "TEXCOORD_0": 46
          },
          "indices": 47,
          "material": 1,
          "mode": 4
        }
      ]
    },
    {
      "name": "GeoSphere002_Material #2_0",
      "primitives": [
        {
          "attributes": {
            "NORMAL": 49,
            "POSITION": 48,
            "TEXCOORD_0": 50
          },
          "indices": 51,
          "material": 1,
          "mode": 4
        }
      ]
    },
    {
      "name": "Cone005_Material #4_0",
      "primitives": [
        {
          "attributes": {
            "NORMAL": 53,
            "POSITION": 52,
            "TEXCOORD_0": 54
          },
          "indices": 55,
          "material": 2,
          "mode": 4
        }
      ]
    },
    {
      "name": "GeoSphere003_Material #2_0",
      "primitives": [
        {
          "attributes": {
            "NORMAL": 57,
            "POSITION": 56,
            "TEXCOORD_0": 58
          },
          "indices": 59,
          "material": 1,
          "mode": 4
        }
      ]
    }
  ],
  "nodes": [
    {
      "children": [
        1
      ],
      "matrix": [
        1.0,
        0.0,
        0.0,
        0.0,
        0.0,
        2.220446049250313e-16,
        -1.0,
        0.0,
        0.0,
        1.0,
        2.220446049250313e-16,
        0.0,
        0.0,
        0.0,
        0.0,
        1.0
      ],
      "name": "Sketchfab_model"
    },
    {
      "children": [
        2
      ],
      "matrix": [
        1.0,
        0.0,
        0.0,
        0.0,
        0.0,
        0.0,
        1.0,
        0.0,
        0.0,
        -1.0,
        0.0,
        0.0,
        0.0,
        0.0,
        0.0,
        1.0
      ],
      "name": "Mage.fbx"
    },
    {
      "children": [
        3,
        5,
        7,
        11,
        13,
        15,
        17,
        19,
        21,
        25,
        27,
        29,
        31
      ],
      "name": "RootNode"
    },
    {
      "children": [
        4
      ],
      "matrix": [
        0.06104850820950203,
        -5.551115123125783e-17,
        0.9981348003378072,
        0.0,
        0.9981348003378072,
        0.0,
        -0.06104850820950203,
        0.0,
        5.551115123125783e-17,
        1.0,
        0.0,
        0.0,
        -0.33038330078125,
        38.152584075927734,
        -0.4088010787963867,
        1.0
      ],
      "name": "Sphere001"
    },
    {
      "mesh": 0,
      "name": "Sphere001_Material #3_0"
    },
    {
      "children": [
        6
      ],
      "matrix": [
        0.9953270603976938,
        0.09646697390307535,
        0.004290012198386901,
        0.0,
        0.09549836862944834,
        -0.9768114497039826,
        -0.19162320662257326,
        0.0,
        -0.014294776133659204,
        0.19113742933261496,
        -0.9814591904319854,
        0.0,
        -0.469818115234375,
        37.64838790893555,
        12.269596099853516,
        1.0
      ],
      "name": "Box001"
    },
    {
      "mesh": 1,
      "name": "Box001_Material #3_0"
    },
    {
      "children": [
        8,
        9
      ],
      "matrix": [
        0.9584692684133042,
        -0.238266496959353,
        0.15673460987919738,
        0.0,
        -0.1773245883981231,
        -0.9283034384864515,
        -0.32681639319694594,
        0.0,
        0.2233666344955492,
        0.2854505180658492,
        -0.9320006593993291,
        0.0,
        -6.93167781829834,
        40.8140754699707,
        11.401715278625488,
        1.0
      ],
      "name": "Box002"
    },
    {
      "mesh": 2,
      "name": "Box002_Material #2_0"
    },
    {
      "children": [
        10
      ],
      "matrix": [
        0.20153462636997044,
        -0.362081672233371,
        -0.9100992566784141,
        0.0,
        0.6487940173442884,
        -0.6467477689053313,
        0.4009782129554538,
        0.0,
        -0.73379156935261,
        -0.671277987264201,
        0.10457435900619638,
        0.0,
        5.790567398071289,
        9.153753280639648,
        12.834480285644531,
        1.0
      ],
      "name": "Cone006"
    },
    {
      "mesh": 3,
      "name": "Cone006_Material #4_0"
    },
    {
      "children": [
        12
      ],
      "matrix": [
        0.9584692684133042,
        -0.238266496959353,
        0.15673460987919738,
        0.0,
        -0.1773245883981231,
        -0.9283034384864515,
        -0.32681639319694594,
        0.0,
        0.2233666344955492,
        0.2854505180658492,
        -0.9320006593993291,
        0.0,
        6.2996978759765625,
        40.8140754699707,
        11.802495956420898,
        1.0
      ],
      "name": "Box003"
    },
    {
      "mesh": 4,
      "name": "Box003_Material #2_0"
    },
    {
      "children": [
        14
      ],
      "matrix": [
        0.937353442970774,
        -0.34837985439866614,
        -2.7755575615628914e-17,
        0.0,
        2.7755575615628914e-17,
        2.220446049250313e-16,
        -1.0,
        0.0,
        0.34837985439866614,
        0.9373534429707742,
        2.220446049250313e-16,
        0.0,
        30.415996551513672,
        1.0608949661254883,
        -31.670351028442383,
        1.0
      ],
      "name": "Cone007"
    },
    {
      "mesh": 5,
      "name": "Cone007_Material #4_0"
    },
    {
      "children": [
        16
      ],
      "matrix": [
        0.9373535497160691,
        -0.348379909370902,
        1.4901161166091866e-08,
        0.0,
        0.318629121025298,
        0.8573058422053068,
        -0.4043540232955469,
        0.0,
        0.14086878842174153,
        0.37902263864297947,
        0.9146025496600718,
        0.0,
        -32.398521423339844,
        -11.485555648803711,
        10.371990203857422,
        1.0
      ],
      "name": "Cone008"
    },
    {
      "mesh": 6,
      "name": "Cone008_Material #4_0"
    },
    {
      "children": [
        18
      ],
      "matrix": [
        -2.6397166452696297e-07,
        0.3529597320676438,
        -0.9356385132831309,
        0.0,
        0.9999999999999638,
        1.41277482046398e-07,
        -2.2883453310029722e-07,
        0.0,
        5.1415277868560594e-08,
        -0.9356385132831575,
        -0.3529597320676685,
        0.0,
        22.8060359954834,
        9.225568771362305,
        -1.5267672538757324,
        1.0
      ],
      "name": "Sphere002"
    },
    {
      "mesh": 7,
      "name": "Sphere002_Material #3_0"
    },
    {
      "children": [
        20
      ],
      "matrix": [
        -2.0861625782408738e-07,
        0.3529602895287834,
        -0.9356384303962229,
        0.0,
        0.40435413700112227,
        -0.8557370542042837,
        -0.3228183804286352,
        0.0,
        -0.9146027067925631,
        -0.3783294050636676,
        -0.14272080026787856,
        0.0,
        -24.613100051879883,
        19.57326316833496,
        14.66800308227539,
        1.0
      ],
      "name": "Sphere003"
    },
    {
      "mesh": 8,
      "name": "Sphere003_Material #3_0"
    },
    {
      "children": [
        22,
        23
      ],
      "matrix": [
        1.0,
        0.0,
        0.0,
        0.0,
        0.0,
        2.220446049250313e-16,
        -1.0,
        0.0,
        0.0,
        1.0,
        2.220446049250313e-16,
        0.0,
        -24.843008041381836,
        -4.248066425323486,
        14.983297348022461,
        1.0
      ],
      "name": "Cylinder002"
    },
    {
      "mesh": 9,
      "name": "Cylinder002_Material #5_0"
    },
    {
      "children": [
        24
      ],
      "matrix": [
        0.9960129197878492,
        0.04570139642090773,
        -0.07661361485312224,
        0.0,
        -0.007876764871166616,
        0.9005082057559934,
        0.4347676712237073,
        0.0,
        0.0888606891344737,
        -0.4324308017645227,
        0.8972778934256832,
        0.0,
        1.2672863006591797,
        -9.993898391723633,
        43.89518356323242,
        1.0
      ],
      "name": "GeoSphere001"
    },
    {
      "mesh": 10,
      "name": "GeoSphere001_Material #5_0"
    },
    {
      "children": [
        26
      ],
      "matrix": [
        0.9956428324251362,
        0.02202427741103073,
        -0.09061191899285313,
        0.0,
        0.0519038187006379,
        -0.9381603747191909,
        0.34228786963863056,
        0.0,
        -0.07746986426344496,
        -0.3454995480539184,
        -0.9352157411130018,
        0.0,
        -0.007912814617156982,
        20.551063537597656,
        15.61804485321045,
        1.0
      ],
      "name": "Sphere004"
    },
    {
      "mesh": 11,
      "name": "Sphere004_Material #2_0"
    },
    {
      "children": [
        28
      ],
      "matrix": [
        1.0,
        0.0,
        0.0,
        0.0,
        0.0,
        2.220446049250313e-16,
        -1.0,
        0.0,
        0.0,
        1.0,
        2.220446049250313e-16,
        0.0,
        -4.895519733428955,
        30.836732864379883,
        16.14041519165039,
        1.0
      ],
      "name": "GeoSphere002"
    },
    {
      "mesh": 12,
      "name": "GeoSphere002_Material #2_0"
    },
    {
      "children": [
        30
      ],
      "matrix": [
        0.06104850820950203,
        -5.551115123125783e-17,
        0.9981348003378072,
        0.0,
        0.9981348003378072,
        0.0,
        -0.06104850820950203,
        0.0,
        5.551115123125783e-17,
        1.0,
        0.0,
        0.0,
        -6.485932350158691,
        -10.26449966430664,
        -0.6172561645507813,
        1.0
      ],
      "name": "Cone005"
    },
    {
      "mesh": 13,
      "name": "Cone005_Material #4_0"
    },
    {
      "children": [
        32
      ],
      "matrix": [
        1.0,
        0.0,
        0.0,
        0.0,
        0.0,
        2.220446049250313e-16,
        -1.0,
        0.0,
        0.0,
        1.0,
        2.220446049250313e-16,
        0.0,
        3.7815401554107666,
        30.836732864379883,
        16.14041519165039,
        1.0
      ],
      "name": "GeoSphere003"
    },
    {
      "mesh": 14,
      "name": "GeoSphere003_Material #2_0"
    }
  ],
  "scene": 0,
  "scenes": [
    {
      "name": "Sketchfab_Scene",
      "nodes": [
        0
      ]
    }
  ]
}
